1600
1600
74
59
69
74
68
1600
63
69
75
83
82
65
50
59
77
70
72
55
73
78
71
74
100
55
1600
57
1600
1600
1600
95
46
81
108
76
40
127
108
1600
102
96
107
1600
57
91
85
101
62
71
563
330
41
289
49
237
68
299
121
224
117
79
98
173
52
117
61
63
71
49
226
80
76
92
128
188
423
80
93
67
63
74
616
118
1600
1600
1600
1600
1600
1600
1600
112
103
1600
1600
980
1600
1600
1600
1600
1600
1600
1600
148
1600
1600
1600
1600
1600
1600
1600
1600
1515
949
861
86
109
1312
1600
1600
1600
1600
909
1600
77
714
297
113
1600
1600
1600
1600
1600
1600
1600
1600
102
1600
1600
1600
1600
1600
1600
931
122
1600
100
116
1510
1600
206
1177
1600
783
919
1600
1600
1600
1600
1600
1600
1600
1600
1600
1600
1600
1600
1600
1600
1600
1600
1600
1600
1600
1600
1600
1600
1600
1600
1600
1600
1600
110
826
1600
1600
1600
1600
709
1600
1600
98
1600
1600
1600
1600
1600
1600
1600
1600
1600
1600
1600
1600
1600
1600
1600
1600
1600
1600
1600
1600
1600
1600
1600
1600
1600
1600
1600
1600
1600
1600
1600
1600
1600
1600
1600
1600
1600
1600
1600
1600
1600
1600
1600
1600
1600
1600
116
1600
1600
1600
1600
1600
1600
1600
1600
1600
1600
119
1600
1600
85
1600
1600
1600
1600
1600
1600
1600
1600
1600
927
1600
1600
1600
1600
1600
1600
1600
1600
1600
1600
1600
1600
1600
1600
1600
1600
1600
1600
1600
1600
1600
55
1600
32
49
46
45
47
32
33
1600
1600
1600
1600
1600
1600
1600
1600
1600
1600
1600
1600
1600
1600
1600
1600
1600
1539
1577
1414
1600
1342
1470
1370
1285
1431
1440
1491
1327
1329
1425
1364
1230
1367
1279
1261
1242
1285
1327
1221
1159
1277
1205
1156
1272
1339
1224
1233
1114
1232
1152
1184
1202
1212
1227
1125
1181
1181
1187
1220
1127
1190
1090
1214
1292
91
1155
1166
1099
1150
1106
1092
1205
1078
1125
1071
1117
1082
1135
1100
1057
1065
1149
1071
1099
1027
1028
1047
1026
1111
1099
1108
1078
1087
1065
1141
1037
1097
1088
1136
1107
1045
1041
1016
1011
1030
1057
