-104.31732177734375
-88.22264862060547
-112.15243530273438
-99.05842590332031
-121.02027893066406
-126.4849853515625
-70.68208312988281
-172.190185546875
-128.8401641845703
-111.3891830444336
-110.40626525878906
-121.61797332763672
-109.0170669555664
-105.49634552001953
-101.12216186523438
-103.07106018066406
-102.94312286376953
-103.00830078125
-103.9348373413086
-117.04994201660156
-97.10106658935547
-112.17556762695312
-109.97743225097656
-112.83675384521484
-97.0589599609375
-112.62310028076172
-160.42929077148438
-107.39916229248047
-100.2907485961914
-108.64860534667969
-104.77155303955078
-115.44664764404297
-106.61840057373047
-106.4908676147461
-125.79429626464844
-124.3992919921875
-125.34029388427734
-114.21621704101562
-121.14046478271484
-105.38382720947266
-122.35745239257812
-116.12348937988281
-99.78109741210938
-105.19427490234375
-121.79487609863281
-102.4283676147461
-126.57404327392578
-118.64759826660156
-113.89808654785156
-116.68424987792969
-99.9568099975586
-115.72990417480469
-93.36905670166016
-115.10941314697266
-96.24124145507812
-116.16523742675781
-99.65477752685547
-93.20047760009766
-123.8121109008789
-100.31966400146484
-99.1755599975586
-113.67977142333984
-128.19815063476562
-113.60186767578125
-101.30725860595703
-97.13855743408203
-99.0303955078125
-127.28511047363281
-89.72479248046875
-96.0189437866211
-113.56008911132812
-126.69404602050781
-115.06706237792969
-99.70320129394531
-80.95037078857422
-107.7822265625
-91.93800354003906
-108.25277709960938
-112.77925109863281
-97.39295196533203
-110.5446548461914
-97.60519409179688
-89.6595687866211
-121.97782135009766
-77.84498596191406
-72.59370422363281
-74.5196304321289
-55.04959487915039
-61.44230651855469
-72.09717559814453
-57.46883773803711
-46.884178161621094
-93.83905029296875
-37.463417053222656
-35.57917785644531
-70.09098052978516
-84.53418731689453
-115.5635757446289
-82.33340454101562
-111.00048828125
-76.61936950683594
-73.7042007446289
-65.8007583618164
-120.10032653808594
-71.4639663696289
-66.9090576171875
-191.14718627929688
-127.79216003417969
-119.08457946777344
-107.28483581542969
-126.71778869628906
-73.63673400878906
-97.87179565429688
-95.52426147460938
-43.52533721923828
-98.89109802246094
-113.24945831298828
-133.230224609375
-23.872882843017578
-30.0760440826416
-68.37335205078125
-63.42145919799805
-68.71603393554688
-70.00211334228516
-66.99070739746094
-69.29155731201172
-70.6011734008789
-69.49687194824219
-70.61238098144531
-71.2255630493164
-66.8346939086914
-69.38018035888672
-70.29559326171875
-69.43287658691406
-69.99634552001953
-82.51649475097656
-80.10494995117188
-63.72365951538086
-65.27033996582031
-100.74391174316406
-103.3057632446289
-77.90064239501953
-121.15788269042969
-51.197837829589844
-98.8440933227539
-70.9254379272461
-74.15836334228516
-70.56262969970703
-71.81126403808594
-127.36083984375
-32.680484771728516
-67.04823303222656
-29.720783233642578
-72.68382263183594
-70.7033920288086
-69.97624969482422
-64.7596435546875
-70.22830963134766
-70.96141052246094
-70.65665435791016
-71.7339096069336
-74.70897674560547
-72.80167388916016
-74.85318756103516
-72.1717758178711
-76.27375793457031
-72.31324768066406
-73.77587890625
-71.04891204833984
-69.7191390991211
-68.60498046875
-69.4576416015625
-72.59294891357422
-67.98792266845703
-76.5298843383789
-73.29812622070312
-69.48485565185547
-70.08384704589844
-66.41485595703125
-75.12118530273438
-72.33953094482422
-68.17586517333984
-70.36721801757812
-73.56729888916016
-73.36327362060547
-75.10253143310547
-71.61672973632812
-72.10236358642578
-66.62407684326172
-73.82310485839844
-70.7284164428711
-71.52682495117188
-74.83712005615234
-73.76762390136719
-81.60035705566406
-69.5691146850586
-64.38651275634766
-71.00360107421875
-71.00272369384766
-74.1075210571289
-71.80086517333984
-80.84168243408203
-73.15469360351562
-69.8420639038086
-74.14620971679688
-72.98526000976562
-70.69410705566406
-72.63804626464844
-69.87336730957031
-70.87064361572266
-73.76216888427734
-74.81451416015625
-73.30168914794922
-67.72644805908203
-76.49434661865234
-72.4305419921875
-70.35885620117188
-69.75196838378906
-68.49796295166016
-72.84397888183594
-70.05244445800781
-72.01056671142578
-68.98345184326172
-71.05115509033203
-76.453125
-71.48303985595703
-70.07129669189453
-66.58473205566406
-68.25116729736328
-69.26497650146484
-74.7742691040039
-69.04563903808594
-71.83116149902344
-71.59979248046875
-72.28128814697266
-75.14877319335938
-73.78169250488281
-73.44931030273438
-78.02926635742188
-66.77464294433594
-109.81904602050781
-101.58318328857422
-98.89582061767578
-99.71131134033203
-108.73401641845703
-99.31391143798828
-98.45309448242188
-99.02204895019531
-97.89591217041016
-99.40542602539062
-97.3475341796875
-101.08673095703125
-97.48693084716797
-97.73162841796875
-98.20404052734375
-97.74227905273438
-97.42361450195312
-97.4115982055664
-98.18561553955078
-97.51675415039062
-105.50836181640625
-99.66102600097656
-99.16681671142578
-98.84461212158203
-98.11398315429688
-75.28269958496094
-98.64479064941406
-74.27137756347656
-108.84965515136719
-106.49940490722656
-94.87873840332031
-92.59982299804688
-99.6473159790039
-98.44709777832031
-104.77955627441406
-95.21451568603516
-94.78175354003906
-101.16728210449219
-84.85658264160156
-106.71307373046875
-85.11277770996094
-82.93009948730469
-1.5172836780548096
-52.20182800292969
-31.449312210083008
-49.2298698425293
-26.82784652709961
-42.10190963745117
-75.59020233154297
-73.22870635986328
-67.0462646484375
-73.1561279296875
-69.43278503417969
-71.88550567626953
-69.08899688720703
-70.7563705444336
-65.12760162353516
-71.2209243774414
-62.49050521850586
-69.56259155273438
-70.67699432373047
-66.04486083984375
-72.70457458496094
-71.11373138427734
-69.99217224121094
-71.49579620361328
-69.75023651123047
-71.81107330322266
-68.81636047363281
-68.81680297851562
-68.46576690673828
-69.45304107666016
-70.0777816772461
-76.54408264160156
-74.30901336669922
-72.73629760742188
-71.24134826660156
-71.11090087890625
-70.75928497314453
-66.17892456054688
-70.83797454833984
-73.77366638183594
-70.10406494140625
-76.5512924194336
-73.11522674560547
-69.57547760009766
-72.91881561279297
-75.51599884033203
-71.10345458984375
-69.96924591064453
-71.83042907714844
-74.6612777709961
-72.75285339355469
-72.60783386230469
-73.9892807006836
-72.27362823486328
-71.84791564941406
-71.61759185791016
-68.54841613769531
-70.05437469482422
-71.8079605102539
-69.01300811767578
-71.08629608154297
-74.07533264160156
-72.29277801513672
-72.73808288574219
-70.38612365722656
-69.38690185546875
-71.0553970336914
-72.25660705566406
-69.03657531738281
-75.1661376953125
-69.97347259521484
-71.22541809082031
-69.57933044433594
-70.01873016357422
-68.84427642822266
-70.28411865234375
-71.2509536743164
-74.14817810058594
-73.20159912109375
-70.95899963378906
-66.33483123779297
-68.9515151977539
-70.5567398071289
-71.79522705078125
-72.5550308227539
-70.1583023071289
-67.29033660888672
-68.76779174804688
-69.02548217773438
-68.72075653076172
-67.64918518066406
-66.71697998046875
-67.53547668457031
-69.9566650390625
-68.62164306640625
-65.63453674316406
-66.89826965332031
-67.15626525878906
-66.43392944335938
-68.9447250366211
-70.56803894042969
-72.37200927734375
-74.3239517211914
-71.58267211914062
-66.29006958007812
-66.54928588867188
-69.48208618164062
-64.07022094726562
-67.34452056884766
-63.319984436035156
-70.06362915039062
-67.03600311279297
-66.1199951171875
-70.42892456054688
-74.19346618652344
-69.68634033203125
-72.20909118652344
-67.56050109863281
