116
67
67
67
38
69
63
1199
362
53
61
114
98
1534
115
54
233
249
207
61
520
214
210
762
705
73
79
91
76
67
69
65
113
88
80
134
96
78
94
80
133
125
88
105
132
155
137
65
311
107
77
382
211
122
138
198
217
241
125
52
65
93
53
1600
65
82
99
82
92
100
1600
1600
1600
1600
1600
117
1600
1600
1600
1600
1600
1600
1600
1600
774
1225
327
219
127
192
191
1600
226
703
91
88
632
73
191
429
732
1600
93
129
1600
440
382
141
382
451
225
417
205
443
926
383
96
1600
234
1600
1600
64
1171
1600
1600
1600
1600
1600
1600
1105
1600
1600
1600
1600
1600
1600
1600
774
327
1600
115
1600
308
875
359
157
1600
350
179
221
1600
1600
1600
1600
1600
1600
1600
1600
1600
418
1600
1600
1600
1600
1593
962
463
1600
823
1600
859
829
510
1600
1512
58
1334
1600
1296
1325
1383
1300
1356
1600
886
292
1176
1267
1151
1222
1279
1205
1165
1097
1108
1205
1103
1023
1047
1055
1076
1090
1062
1009
1049
98
331
1006
999
947
82
1030
70
69
77
968
974
945
1002
964
972
971
962
1003
997
976
993
958
950
976
971
911
861
937
920
869
927
908
663
879
900
936
925
964
951
903
927
80
930
81
942
118
919
900
611
1067
916
910
891
595
897
913
922
892
890
943
926
99
882
887
889
698
63
135
884
57
880
871
530
850
870
862
878
881
174
863
896
889
864
880
904
900
866
869
853
895
869
885
862
328
854
867
849
880
889
872
864
872
871
871
880
868
885
866
871
860
866
869
850
857
847
873
876
864
851
875
861
615
861
876
893
888
843
888
913
869
881
879
893
865
872
871
878
879
883
867
878
877
862
864
880
854
849
861
848
817
844
824
814
838
895
826
864
867
875
855
862
853
877
666
875
867
815
889
858
863
703
866
828
858
864
862
867
866
861
879
870
846
857
844
852
862
839
851
850
824
865
891
855
868
865
885
901
875
872
854
876
862
839
863
851
811
820
843
853
839
850
859
841
846
832
825
90
828
813
822
813
834
848
819
816
813
833
837
817
818
241
804
395
575
830
842
815
845
845
847
834
852
809
376
844
839
832
863
856
841
833
841
898
863
852
826
851
852
860
860
848
826
828
852
853
826
824
843
850
833
825
845
840
843
810
825
829
815
840
832
824
838
852
828
816
819
831
844
833
839
829
855
837
825
809
822
833
798
817
825
833
848
826
827
809
818
831
842
851
817
824
804
823
812
130
807
809
826
797
810
798
808
792
813
811
807
784
802
805
818
826
810
808
806
806
808
801
812
805
816
814
806
813
796
807
811
825
805
798
798
800
815
809
98
799
795
796
824
781
813
806
823
793
782
782
795
788
795
782
798
794
793
807
806
824
795
813
778
787
811
789
782
774
795
807
809
786
800
801
776
798
794
805
792
795
804
795
774
806
771
793
798
808
834
813
810
802
788
787
818
794
810
784
802
775
795
832
793
772
781
795
784
766
792
789
777
780
786
661
795
804
791
795
784
813
777
787
825
801
790
791
786
789
777
806
802
784
790
788
779
778
795
790
798
786
786
780
800
794
795
382
807
792
804
785
794
787
772
774
784
771
792
778
789
798
784
809
803
769
784
827
771
783
766
790
777
817
773
789
794
784
780
775
776
779
787
794
784
757
775
766
785
768
780
762
757
510
775
776
775
797
801
791
802
611
811
779
786
789
793
802
799
788
814
781
789
783
768
767
775
786
777
785
778
765
765
757
785
786
778
775
768
802
776
777
795
787
794
794
799
782
777
801
786
199
768
764
790
784
783
776
805
770
777
776
775
776
782
767
778
740
778
767
759
777
786
786
348
787
770
756
783
760
786
776
784
770
807
781
787
789
768
782
763
784
791
772
792
787
778
710
752
788
120
764
761
793
767
753
617
750
757
770
768
781
781
760
763
770
787
337
738
766
786
788
777
748
759
757
799
783
773
775
759
566
728
742
745
767
764
764
795
771
762
761
762
780
790
788
786
768
775
770
764
756
790
791
765
766
763
766
764
762
780
768
752
757
750
757
779
784
751
737
754
745
727
747
741
456
773
764
731
756
755
738
728
735
756
746
738
741
738
747
751
745
733
759
742
739
756
741
744
739
735
741
752
733
748
730
732
732
752
740
734
721
742
745
755
740
723
723
735
725
746
749
744
756
745
746
743
747
738
736
738
764
736
748
725
730
738
729
736
735
742
723
730
732
718
724
722
742
740
723
721
549
721
727
740
726
747
729
732
733
728
716
726
719
726
720
724
738
734
737
735
712
737
735
603
736
744
744
741
736
736
738
730
745
731
739
740
747
737
717
713
