-106.12279510498047
-99.97444152832031
-98.68465423583984
-113.02745819091797
-108.45800018310547
-107.29273223876953
-108.74581146240234
-189.3786163330078
-89.6922836303711
-102.70525360107422
-101.2776107788086
-92.06023406982422
-116.78890991210938
-202.70077514648438
-123.00437927246094
-106.13558197021484
-103.13536834716797
-125.27312469482422
-131.14642333984375
-113.66353607177734
-136.76416015625
-111.91931915283203
-110.06852722167969
-140.34814453125
-169.11953735351562
-100.22991180419922
-106.50989532470703
-103.75199127197266
-101.74349212646484
-100.99300384521484
-104.18122863769531
-103.10195922851562
-123.56148529052734
-99.52059936523438
-102.59906768798828
-113.61695098876953
-100.09274291992188
-98.35172271728516
-99.25785064697266
-116.67781829833984
-90.50721740722656
-103.0799331665039
-105.25403594970703
-98.81394958496094
-94.92578887939453
-96.32007598876953
-102.64907836914062
-111.83470916748047
-106.27661895751953
-100.93896484375
-117.45538330078125
-117.91888427734375
-109.72771453857422
-128.51602172851562
-123.45790100097656
-120.98914337158203
-119.50794982910156
-92.58122253417969
-127.0023193359375
-114.03695678710938
-124.40206909179688
-123.16099548339844
-110.37702941894531
-107.71846008300781
-125.14520263671875
-121.5555648803711
-120.0
-126.40975952148438
-121.5462646484375
-98.8204574584961
-76.1283950805664
-71.14579010009766
-72.40309143066406
-53.43860626220703
-103.63282012939453
-111.39303588867188
-76.17840576171875
-103.46759033203125
-84.5557632446289
-70.0718994140625
-91.52096557617188
-52.00531005859375
-76.96533966064453
-63.607635498046875
-118.69609069824219
-213.440185546875
-95.54965209960938
-142.56900024414062
-135.10183715820312
-82.22407531738281
-131.71173095703125
-93.52611541748047
-136.98519897460938
-122.57388305664062
-106.90235137939453
-100.53544616699219
-130.07232666015625
-101.27613830566406
-105.08455657958984
-112.2767105102539
-160.87374877929688
-73.57576751708984
-99.5391616821289
-136.79275512695312
-97.55424499511719
-106.40524291992188
-86.47953796386719
-129.3801727294922
-121.53929138183594
-91.95655059814453
-115.79222106933594
-68.93946075439453
-88.45466613769531
-53.10284423828125
-70.5989761352539
-80.71158599853516
-105.15660858154297
18.323965072631836
-112.65113830566406
-22.88128662109375
-27.769784927368164
-100.84957122802734
-158.93370056152344
-24.304683685302734
45.8365478515625
18.676448822021484
40.03691482543945
20.128042221069336
8.099390029907227
-133.2523193359375
-18.065567016601562
28.42255210876465
-11.393458366394043
35.37075424194336
55.115455627441406
93.74620056152344
60.71138381958008
-71.09795379638672
-88.87945556640625
-44.34168243408203
-101.05894470214844
-44.25125503540039
-79.36556243896484
-54.87299728393555
-59.75724792480469
-96.44125366210938
142.4637908935547
-92.86853790283203
-116.3177719116211
-93.26349639892578
98.8304214477539
110.56299591064453
86.96953582763672
108.0992202758789
106.03760528564453
154.31993103027344
168.1924591064453
173.5018310546875
158.11119079589844
-59.04093551635742
211.96388244628906
224.5352783203125
202.25967407226562
268.84967041015625
276.5191650390625
71.00407409667969
-26.46625518798828
266.4378662109375
39.25971984863281
171.10342407226562
57.3338623046875
27.174598693847656
7.0294189453125
65.20350646972656
275.26727294921875
-100.36811828613281
289.20965576171875
270.8919982910156
287.25738525390625
287.5638732910156
285.6978454589844
290.2187194824219
287.31024169921875
256.0716247558594
65.15660095214844
-50.42424774169922
294.7577209472656
290.452392578125
296.6221008300781
291.4197998046875
287.570068359375
292.6483459472656
294.5335388183594
297.8385314941406
296.64031982421875
291.1449890136719
297.96820068359375
300.275634765625
300.5634765625
299.99554443359375
295.5520935058594
296.53466796875
299.6836853027344
299.4012756347656
297.4239196777344
-107.91024780273438
-26.534461975097656
298.3008728027344
301.6051940917969
303.24481201171875
-84.54302215576172
297.6575622558594
-102.28533172607422
-103.81012725830078
-105.59507751464844
302.2607727050781
300.78936767578125
304.11920166015625
299.24603271484375
302.4431457519531
303.1323547363281
302.6100158691406
303.2752380371094
300.8481750488281
300.4647521972656
302.6288757324219
300.5284118652344
302.9927978515625
302.0196838378906
301.2145690917969
299.8411560058594
304.6218566894531
178.88693237304688
304.3863830566406
304.735595703125
308.1214599609375
302.8208312988281
304.5611572265625
128.5414581298828
306.94085693359375
305.9637145996094
303.43927001953125
304.27923583984375
303.0376892089844
304.2182922363281
307.2222900390625
303.8121643066406
-98.25778198242188
303.2998352050781
-94.80449676513672
303.2821960449219
-78.295166015625
304.9216613769531
306.6311340332031
93.26325988769531
295.01470947265625
305.5450439453125
304.97088623046875
306.86163330078125
97.861083984375
307.65252685546875
305.6030578613281
304.4487609863281
309.020263671875
307.160400390625
305.1169738769531
304.6912841796875
-86.53964233398438
307.1530456542969
307.4827880859375
306.12408447265625
108.09884643554688
-97.78460693359375
-82.11549377441406
306.49749755859375
-100.62236785888672
307.0456237792969
306.8653564453125
65.97676086425781
308.7671203613281
306.4445495605469
307.89471435546875
306.3460998535156
307.0262756347656
-63.44892120361328
306.9901123046875
307.5408935546875
308.1055908203125
309.3114929199219
308.0531311035156
309.3101501464844
306.95281982421875
308.6553039550781
308.3499755859375
310.70068359375
309.19366455078125
308.86431884765625
308.2068176269531
309.4803466796875
0.4148712158203125
309.6103820800781
308.9586181640625
310.5989990234375
308.4265441894531
308.5613098144531
309.7143859863281
310.3106384277344
310.9501953125
310.0844421386719
310.6800537109375
309.8280944824219
310.76312255859375
308.8029479980469
309.816650390625
310.2771911621094
311.70928955078125
310.7890625
311.5546875
311.3090515136719
311.8585510253906
311.46820068359375
310.64697265625
310.7800598144531
312.29150390625
311.9085693359375
311.0421142578125
311.3940734863281
113.26728820800781
311.3269958496094
311.3877868652344
309.4501647949219
311.23883056640625
312.2923278808594
310.0240478515625
309.4181213378906
310.9975891113281
312.4516296386719
311.4494934082031
309.5537109375
311.38555908203125
312.9817199707031
311.8153991699219
311.94293212890625
312.99639892578125
311.50909423828125
312.0026550292969
311.48748779296875
312.4582214355469
313.71343994140625
311.9107360839844
310.2303161621094
312.4976806640625
315.09490966796875
314.3209228515625
313.48236083984375
312.9832458496094
313.5589599609375
312.9787902832031
312.6256103515625
312.5898132324219
308.0325927734375
312.2347106933594
312.05328369140625
312.8931884765625
310.4284362792969
310.9300842285156
309.5267028808594
313.43682861328125
311.3683166503906
131.95571899414062
312.5752868652344
311.95465087890625
314.9571228027344
311.0523376464844
313.5480041503906
313.5228271484375
145.4103240966797
310.67608642578125
313.2168273925781
311.884765625
312.1032409667969
310.486572265625
312.3246154785156
311.0426330566406
312.6691589355469
312.5198669433594
312.0216064453125
314.7697448730469
312.70574951171875
313.11016845703125
312.438720703125
313.82891845703125
315.36328125
312.5835876464844
314.4646301269531
314.6779479980469
314.2325134277344
312.2797546386719
314.3517761230469
313.1085205078125
313.7469787597656
313.7904968261719
309.7777404785156
312.43707275390625
312.9117126464844
315.4908142089844
312.927490234375
314.8648376464844
314.36279296875
314.6593017578125
314.7795715332031
316.9700927734375
315.8669128417969
313.7391662597656
313.6962585449219
317.1604919433594
313.07452392578125
312.6933898925781
312.31597900390625
313.4756774902344
312.6078796386719
315.81475830078125
-86.70075988769531
315.7074279785156
315.2787170410156
314.01171875
315.7598876953125
312.1817321777344
312.2452087402344
315.3936462402344
315.0665283203125
313.05889892578125
313.2838439941406
313.8156433105469
316.4479064941406
312.9676818847656
-29.10289764404297
318.09808349609375
42.74085998535156
115.024658203125
313.1849365234375
314.70458984375
315.732421875
315.323486328125
314.81317138671875
316.9363098144531
315.5022277832031
315.8004150390625
317.0547790527344
31.789688110351562
318.0144958496094
316.9794006347656
318.0564270019531
315.1124572753906
317.5868225097656
317.3827819824219
317.62200927734375
319.1550598144531
313.8957214355469
314.466552734375
313.91522216796875
318.6556396484375
316.4264221191406
314.68115234375
316.46856689453125
317.77081298828125
317.30975341796875
318.1960144042969
317.7544860839844
314.3447265625
315.8020324707031
317.53302001953125
318.8810119628906
314.2604675292969
314.1539001464844
316.69476318359375
317.06756591796875
315.8562927246094
314.3077392578125
314.7493591308594
316.249267578125
317.4969482421875
315.4036560058594
316.20745849609375
312.5802001953125
315.7222595214844
316.1695556640625
315.39617919921875
312.09649658203125
315.74432373046875
317.834228515625
319.1214904785156
318.8569030761719
318.0547790527344
317.1938781738281
315.48193359375
318.0311584472656
313.8672790527344
316.4457092285156
316.3009338378906
319.0275573730469
316.63720703125
317.9271545410156
317.87841796875
317.23272705078125
314.74822998046875
316.9402160644531
316.4646911621094
317.8397521972656
318.1591491699219
319.90374755859375
318.23150634765625
318.42584228515625
315.52099609375
312.9132995605469
317.024169921875
315.0228271484375
317.6962890625
317.5730895996094
318.4952087402344
-72.5406494140625
318.7072448730469
319.0599060058594
316.9375915527344
316.99163818359375
318.4561462402344
317.6358642578125
317.8585205078125
318.59344482421875
318.6100158691406
318.6316833496094
316.7251281738281
318.3497619628906
317.5312805175781
317.98443603515625
316.93511962890625
316.09564208984375
318.7077331542969
317.49114990234375
316.49615478515625
317.8756408691406
315.7068176269531
317.3040771484375
317.32763671875
317.3611145019531
318.7746276855469
318.3090515136719
316.4909362792969
318.01055908203125
318.08758544921875
317.9184875488281
318.8142395019531
318.1348571777344
319.6194763183594
319.529541015625
319.310546875
318.89654541015625
318.9479064941406
318.10015869140625
-84.07398986816406
318.6400146484375
319.1867980957031
318.6363830566406
317.6971435546875
318.4549560546875
318.2959899902344
317.9442138671875
316.0658874511719
317.8771667480469
316.6046142578125
316.822021484375
317.8678283691406
318.1221618652344
315.49322509765625
319.024169921875
318.3504943847656
319.15753173828125
317.9364013671875
317.1957092285156
317.00616455078125
316.2193908691406
320.4613952636719
317.5671081542969
317.1792907714844
315.85614013671875
316.5392150878906
314.9757995605469
318.86566162109375
317.48883056640625
316.52325439453125
313.6341857910156
315.6812438964844
318.7899169921875
320.52886962890625
319.9081726074219
317.0770568847656
315.388671875
320.25372314453125
318.7884216308594
320.9090881347656
318.1339416503906
319.5708312988281
319.8742980957031
319.4930114746094
316.9009094238281
320.3229675292969
319.1510925292969
321.0576477050781
319.9846496582031
319.60150146484375
318.367919921875
318.37420654296875
319.1176452636719
319.691650390625
320.6934509277344
319.0521240234375
321.71392822265625
319.26312255859375
322.0545654296875
318.8594970703125
320.69384765625
317.1630554199219
315.63232421875
317.4674072265625
317.7629699707031
317.8553161621094
320.0333557128906
319.8517761230469
319.16583251953125
318.4870300292969
319.8424987792969
319.142578125
318.8478088378906
318.85400390625
160.18707275390625
318.15460205078125
317.9623107910156
319.5702209472656
315.7861022949219
317.600341796875
317.4844970703125
317.6359558105469
317.1570739746094
317.66082763671875
319.54437255859375
320.4393615722656
318.9915466308594
321.3650817871094
319.7522888183594
318.529052734375
318.3377685546875
318.572998046875
317.7286071777344
319.21356201171875
320.1358642578125
321.1008605957031
320.7236328125
319.291748046875
319.5466003417969
320.14849853515625
319.24407958984375
320.15435791015625
319.7284851074219
319.2756042480469
321.050537109375
320.3432312011719
32.10969543457031
319.0296936035156
317.8560485839844
317.18475341796875
322.3224182128906
322.754150390625
318.97637939453125
320.0110168457031
320.0495300292969
318.2810363769531
319.33197021484375
317.39599609375
319.7725524902344
318.5863342285156
319.5212097167969
318.9885559082031
319.36883544921875
320.7071533203125
322.4555969238281
319.71337890625
316.8523864746094
322.4511413574219
321.29144287109375
321.2244567871094
320.52789306640625
320.96844482421875
318.590576171875
320.58245849609375
319.2973327636719
318.67156982421875
320.74481201171875
319.35833740234375
320.5395812988281
319.74578857421875
321.6053161621094
320.37664794921875
319.6097412109375
317.95794677734375
321.6964111328125
318.15716552734375
317.818603515625
315.4690856933594
320.16790771484375
321.4398193359375
320.0119934082031
319.4703369140625
104.24668884277344
318.2984924316406
320.6077880859375
320.6085205078125
320.7505187988281
319.6557312011719
317.8672180175781
320.2627868652344
135.1986541748047
320.2596435546875
320.20440673828125
321.81976318359375
319.2843322753906
319.5749816894531
319.2508544921875
318.4527282714844
320.2041320800781
319.0403137207031
319.05499267578125
319.921630859375
319.244140625
318.8746337890625
321.21844482421875
321.5266418457031
319.95172119140625
318.9305419921875
320.3223876953125
319.6062927246094
320.9205017089844
320.35174560546875
318.9026794433594
320.5870361328125
320.41021728515625
319.9456787109375
320.7573547363281
321.3976135253906
319.3251647949219
317.93096923828125
321.2054138183594
320.3474426269531
319.34271240234375
317.6213073730469
319.0137634277344
321.1529541015625
321.2460021972656
321.29864501953125
319.785400390625
319.6753234863281
-34.85820007324219
321.5934753417969
322.6895751953125
319.9189758300781
320.74713134765625
319.8638916015625
320.4504699707031
321.4182434082031
322.4673156738281
322.79986572265625
321.9208984375
322.5576171875
321.2857360839844
320.72161865234375
320.3708801269531
320.08074951171875
318.7096862792969
319.4541931152344
318.73309326171875
320.01605224609375
320.4795837402344
320.0820007324219
320.59906005859375
27.756973266601562
320.87060546875
320.9896240234375
319.45013427734375
323.0632019042969
320.6928405761719
319.83184814453125
321.3941650390625
321.0563049316406
321.2792053222656
321.0625
321.6691589355469
321.27752685546875
320.05352783203125
320.17144775390625
320.015380859375
317.61114501953125
319.1394348144531
318.4317321777344
319.9808654785156
317.97186279296875
319.7207946777344
318.8255615234375
191.0089111328125
324.037841796875
318.11663818359375
-70.19380950927734
320.6514587402344
321.5683898925781
317.63458251953125
321.7108459472656
319.9593505859375
145.5594940185547
320.8827819824219
318.25048828125
319.5983581542969
322.1006774902344
318.4862976074219
319.9212341308594
321.6308898925781
321.40643310546875
319.6732482910156
319.9138488769531
14.212081909179688
169.60464477539062
321.6673583984375
320.5695495605469
318.9759216308594
321.2444152832031
321.88470458984375
321.5006408691406
320.4611511230469
319.9584045410156
318.9273986816406
319.0631103515625
320.3713684082031
321.6340026855469
119.71844482421875
207.60531616210938
322.4009704589844
322.3035888671875
322.5145263671875
320.4361572265625
320.8602600097656
321.070556640625
320.3847961425781
321.90972900390625
321.1076965332031
321.99237060546875
323.0752868652344
320.54595947265625
321.494140625
320.859130859375
322.68695068359375
322.6813049316406
322.4856262207031
320.51629638671875
321.4358215332031
319.76885986328125
320.2087097167969
319.7357482910156
322.3869323730469
322.34716796875
320.5520324707031
322.0275573730469
324.1505126953125
322.1065673828125
322.5898132324219
322.8658752441406
320.8067932128906
321.1119384765625
321.60906982421875
323.0986633300781
322.1047668457031
321.1476745605469
322.31988525390625
321.1260681152344
320.6026306152344
323.19403076171875
320.62469482421875
322.3651123046875
84.42597961425781
322.5995788574219
321.2880554199219
323.1802062988281
320.1484069824219
320.36309814453125
321.52886962890625
321.3821716308594
318.2821044921875
320.90948486328125
320.6353454589844
320.56719970703125
322.3359680175781
319.840087890625
321.5746154785156
322.71954345703125
322.4913024902344
322.0160827636719
320.4941711425781
322.81170654296875
321.95367431640625
322.10833740234375
323.13043212890625
321.2840881347656
321.786376953125
325.19525146484375
323.3881530761719
323.5049133300781
324.5319519042969
322.8539123535156
322.1530456542969
321.81158447265625
323.66192626953125
322.84619140625
322.2388916015625
322.6130065917969
323.1505126953125
324.3879699707031
322.2358703613281
321.64434814453125
324.0135192871094
321.2287902832031
322.347412109375
321.31182861328125
322.007568359375
323.6603698730469
323.83831787109375
323.9645080566406
323.5272521972656
324.0901794433594
324.9986572265625
323.6798400878906
323.53021240234375
322.31500244140625
322.6769104003906
323.0938720703125
322.06201171875
321.55218505859375
323.1184997558594
323.1557312011719
322.2174072265625
321.6375427246094
323.6404724121094
323.3204650878906
323.8459167480469
322.80157470703125
323.38983154296875
319.3776550292969
322.1748046875
324.48236083984375
322.83966064453125
324.0816955566406
322.2889709472656
323.1069030761719
323.72674560546875
324.0030212402344
132.2568359375
322.61041259765625
324.1200256347656
324.76409912109375
324.5326232910156
323.3519287109375
323.7754821777344
324.8684387207031
324.5644836425781
323.97418212890625
325.05560302734375
324.3890686035156
323.7970886230469
320.83917236328125
324.6736755371094
322.8865051269531
322.8298645019531
321.37042236328125
321.0088806152344
322.8180847167969
322.74676513671875
323.7267150878906
324.0079040527344
129.19139099121094
322.9715270996094
322.46636962890625
321.7206115722656
324.97607421875
323.5152893066406
320.9310302734375
319.97308349609375
323.8953552246094
323.654052734375
323.88641357421875
323.5163269042969
324.1767578125
321.50555419921875
322.3578796386719
323.38702392578125
324.16632080078125
